Session 3
1431.0
1041.0
991.0
661.0
940.0
680.0
1660.0
591.0
690.0
2110.0
250.0
1991.0
581.0
600.0
410.0
1510.0
851.0
50.0
1951.0
391.0
1861.0
2180.0
1290.0
2281.0
1900.0
1550.0
2060.0
420.0
2340.0
1791.0
241.0
2081.0
1170.0
121.0
1781.0
1340.0
830.0
1441.0
981.0
2361.0
1830.0
960.0
2070.0
501.0
950.0
1841.0
2271.0
211.0
1351.0
2101.0
1590.0
1490.0
1650.0
1081.0
1260.0
761.0
1961.0
191.0
470.0
890.0
Session 2
1720.0
1881.0
1460.0
341.0
2291.0
2241.0
901.0
1641.0
1331.0
2210.0
300.0
2321.0
1910.0
2381.0
1580.0
2040.0
1361.0
180.0
720.0
1130.0
840.0
671.0
2011.0
321.0
2400.0
1540.0
160.0
1520.0
510.0
100.0
1310.0
401.0
351.0
1670.0
1181.0
1271.0
1930.0
2131.0
2191.0
1971.0
2091.0
551.0
1400.0
260.0
461.0
1481.0
751.0
1750.0
1000.0
2300.0
611.0
731.0
2231.0
20.0
1221.0
710.0
2200.0
2170.0
11.0
150.0
Session 4
331.0
2371.0
1150.0
1891.0
1091.0
1320.0
911.0
110.0
2140.0
71.0
971.0
290.0
771.0
2351.0
1690.0
1810.0
1110.0
1390.0
490.0
1561.0
31.0
791.0
1161.0
220.0
931.0
1240.0
531.0
650.0
1631.0
1420.0
2161.0
370.0
1730.0
2220.0
1611.0
201.0
820.0
360.0
430.0
921.0
380.0
1761.0
800.0
871.0
2031.0
1060.0
520.0
1121.0
561.0
1681.0
1980.0
131.0
780.0
1141.0
480.0
1201.0
2260.0
280.0
640.0
2311.0
Session 1
2050.0
1231.0
2390.0
1711.0
2250.0
171.0
1870.0
741.0
1101.0
1571.0
700.0
1071.0
1250.0
1701.0
1770.0
311.0
60.0
90.0
1381.0
880.0
451.0
620.0
1411.0
80.0
2150.0
1940.0
1371.0
1031.0
2120.0
1531.0
1051.0
1820.0
1211.0
440.0
571.0
2330.0
1801.0
1620.0
811.0
1500.0
861.0
1010.0
1470.0
1921.0
271.0
1851.0
630.0
1020.0
1450.0
1301.0
1601.0
230.0
141.0
1280.0
1191.0
41.0
2000.0
1741.0
2020.0
540.0
Session 0
1911.0
941.0
870.0
2341.0
1370.0
70.0
841.0
1440.0
1621.0
101.0
21.0
91.0
651.0
1640.0
460.0
521.0
61.0
2061.0
891.0
1661.0
730.0
1700.0
1430.0
1920.0
2230.0
281.0
111.0
261.0
1321.0
2051.0
1671.0
1061.0
1070.0
1680.0
40.0
1461.0
170.0
1790.0
701.0
1120.0
1950.0
1740.0
961.0
1030.0
1451.0
161.0
2021.0
2391.0
1560.0
1880.0
2251.0
251.0
1151.0
181.0
1391.0
2090.0
831.0
1811.0
1111.0
2151.0
Session 6
1981.0
1960.0
130.0
1511.0
381.0
1721.0
1281.0
860.0
2030.0
190.0
681.0
151.0
2080.0
1610.0
120.0
1230.0
2301.0
1541.0
1350.0
1080.0
1800.0
900.0
910.0
1600.0
441.0
1021.0
1780.0
881.0
1530.0
1180.0
450.0
431.0
2290.0
361.0
1190.0
2001.0
570.0
1591.0
340.0
1941.0
660.0
951.0
1251.0
970.0
711.0
1401.0
2401.0
1480.0
1501.0
790.0
400.0
721.0
200.0
371.0
1311.0
240.0
2320.0
550.0
140.0
2190.0
Session 7
2121.0
691.0
740.0
491.0
390.0
1821.0
481.0
2331.0
2261.0
1011.0
10.0
1630.0
801.0
330.0
210.0
310.0
1471.0
541.0
2360.0
2171.0
231.0
1731.0
2240.0
1220.0
1050.0
2350.0
1171.0
1651.0
1380.0
2141.0
270.0
1771.0
1751.0
1090.0
291.0
2380.0
2160.0
2130.0
631.0
2280.0
1410.0
81.0
511.0
990.0
821.0
1100.0
1710.0
1270.0
530.0
471.0
2100.0
421.0
2111.0
411.0
1160.0
1831.0
1970.0
320.0
301.0
1840.0
Session 5
980.0
560.0
1691.0
670.0
1140.0
930.0
1341.0
1210.0
1131.0
2041.0
1300.0
590.0
810.0
601.0
2071.0
621.0
2270.0
1581.0
221.0
850.0
350.0
641.0
610.0
1890.0
2370.0
1200.0
1931.0
2201.0
1901.0
1521.0
770.0
1291.0
2181.0
1760.0
781.0
500.0
1040.0
760.0
51.0
1850.0
2211.0
1990.0
1261.0
1860.0
1871.0
1421.0
1491.0
2010.0
1570.0
1360.0
1241.0
2221.0
750.0
2310.0
580.0
1551.0
1330.0
30.0
920.0
1001.0
