Session 7
1901.0
1202.0
90.0
652.0
1890.0
320.0
862.0
911.0
971.0
1771.0
1321.0
550.0
700.0
1660.0
390.0
240.0
1160.0
162.0
590.0
2342.0
1852.0
51.0
2111.0
942.0
890.0
2300.0
1350.0
1992.0
2030.0
1841.0
280.0
761.0
180.0
20.0
2102.0
290.0
1801.0
430.0
1590.0
992.0
1860.0
2131.0
1740.0
1360.0
722.0
10.0
1311.0
2141.0
950.0
1272.0
2152.0
262.0
1380.0
1881.0
1220.0
370.0
380.0
1711.0
1060.0
2352.0
Session 2
2260.0
1570.0
302.0
2402.0
1250.0
350.0
821.0
2052.0
70.0
840.0
640.0
2001.0
2160.0
1971.0
1400.0
1002.0
1171.0
1700.0
962.0
731.0
1470.0
2361.0
501.0
440.0
1520.0
1920.0
1102.0
1640.0
1110.0
1810.0
772.0
402.0
1650.0
470.0
2022.0
871.0
171.0
1560.0
1602.0
2391.0
122.0
560.0
110.0
1910.0
530.0
572.0
1441.0
542.0
1082.0
1390.0
780.0
800.0
740.0
1231.0
1622.0
2381.0
1490.0
1791.0
270.0
211.0
Session 3
1550.0
682.0
2370.0
2081.0
61.0
1072.0
330.0
1501.0
520.0
1181.0
190.0
1872.0
2331.0
2312.0
750.0
1930.0
1982.0
1330.0
1480.0
150.0
1530.0
1420.0
1032.0
40.0
1151.0
1010.0
1191.0
710.0
2221.0
232.0
880.0
1451.0
1832.0
1462.0
462.0
250.0
2090.0
630.0
1131.0
80.0
342.0
1632.0
1691.0
2060.0
1960.0
1021.0
580.0
1940.0
2210.0
100.0
30.0
510.0
361.0
1340.0
2171.0
1952.0
1610.0
1142.0
811.0
1762.0
Session 6
1050.0
1680.0
2201.0
1432.0
140.0
621.0
310.0
480.0
672.0
2121.0
451.0
200.0
1410.0
1092.0
1510.0
1672.0
1281.0
422.0
1260.0
930.0
2241.0
2041.0
1540.0
2190.0
1780.0
2011.0
662.0
2282.0
492.0
2290.0
1290.0
790.0
1751.0
2320.0
830.0
1820.0
612.0
902.0
691.0
1040.0
2272.0
981.0
1730.0
2182.0
850.0
1120.0
600.0
2252.0
2230.0
1372.0
1720.0
1300.0
1580.0
221.0
1241.0
921.0
1212.0
410.0
2070.0
131.0
Session 0
1230.0
372.0
720.0
2050.0
1990.0
271.0
1710.0
1770.0
1170.0
1970.0
540.0
980.0
932.0
2372.0
1942.0
882.0
1541.0
381.0
650.0
1401.0
1412.0
2280.0
220.0
712.0
741.0
900.0
2250.0
582.0
1130.0
11.0
160.0
620.0
1932.0
351.0
1000.0
1030.0
2270.0
111.0
810.0
2031.0
521.0
1291.0
1741.0
990.0
690.0
1352.0
552.0
441.0
22.0
1830.0
660.0
702.0
1370.0
360.0
1422.0
60.0
251.0
260.0
1532.0
2180.0
Session 1
832.0
1682.0
1342.0
1642.0
92.0
1701.0
1221.0
1592.0
2330.0
1180.0
1800.0
760.0
1041.0
670.0
1020.0
1240.0
770.0
641.0
2340.0
1690.0
791.0
1600.0
2310.0
1870.0
591.0
1962.0
151.0
340.0
300.0
1552.0
1912.0
420.0
2302.0
1111.0
1200.0
472.0
1080.0
1062.0
411.0
1892.0
332.0
1950.0
2120.0
2292.0
1150.0
1500.0
2192.0
481.0
970.0
601.0
1430.0
312.0
1361.0
2010.0
1210.0
1391.0
1750.0
1921.0
42.0
321.0
Session 5
50.0
860.0
2162.0
512.0
820.0
2232.0
1840.0
1190.0
1261.0
2150.0
1460.0
1140.0
801.0
141.0
1012.0
2071.0
460.0
2000.0
1491.0
1850.0
191.0
1721.0
1472.0
1090.0
210.0
1562.0
2080.0
2110.0
1121.0
1652.0
851.0
72.0
940.0
1880.0
281.0
1070.0
1611.0
680.0
1821.0
1162.0
2360.0
1100.0
102.0
1760.0
2020.0
2262.0
1862.0
532.0
1450.0
2211.0
751.0
1332.0
842.0
1572.0
1512.0
1781.0
2140.0
241.0
610.0
2380.0
Session 4
2200.0
31.0
1270.0
1980.0
1790.0
450.0
2220.0
170.0
2240.0
2350.0
1440.0
2092.0
951.0
1301.0
2130.0
1280.0
1521.0
120.0
500.0
960.0
1320.0
2040.0
562.0
1900.0
2400.0
2170.0
1731.0
392.0
891.0
400.0
1052.0
910.0
1662.0
490.0
631.0
2390.0
2322.0
2100.0
1310.0
730.0
870.0
570.0
1630.0
1251.0
291.0
1811.0
230.0
1670.0
1620.0
1481.0
1381.0
130.0
202.0
82.0
1582.0
2061.0
181.0
781.0
432.0
920.0
