Session 7
740.0
92.0
841.0
441.0
920.0
1001.0
1250.0
32.0
1350.0
1770.0
1730.0
1940.0
1620.0
141.0
1531.0
362.0
412.0
1750.0
322.0
210.0
1221.0
1320.0
1501.0
1512.0
1360.0
380.0
61.0
891.0
1090.0
1270.0
80.0
1640.0
752.0
20.0
620.0
312.0
1600.0
1841.0
762.0
662.0
1340.0
1802.0
571.0
1110.0
1520.0
1172.0
1630.0
1490.0
2002.0
772.0
Session 1
901.0
1950.0
680.0
170.0
1460.0
1860.0
882.0
1201.0
241.0
1301.0
452.0
820.0
1720.0
1610.0
791.0
1470.0
330.0
1232.0
422.0
540.0
1762.0
981.0
72.0
1561.0
370.0
201.0
1981.0
950.0
1820.0
350.0
342.0
472.0
1690.0
1131.0
1741.0
652.0
1570.0
1541.0
1872.0
490.0
1191.0
600.0
1960.0
1370.0
1040.0
1702.0
1160.0
910.0
721.0
1120.0
Session 2
1791.0
871.0
971.0
1910.0
1022.0
800.0
1780.0
1712.0
711.0
580.0
590.0
302.0
1420.0
100.0
1311.0
810.0
672.0
1080.0
12.0
510.0
781.0
960.0
1932.0
1280.0
130.0
400.0
461.0
940.0
1580.0
500.0
1292.0
1070.0
1391.0
640.0
1180.0
532.0
1672.0
1591.0
861.0
1242.0
551.0
1062.0
160.0
1811.0
1050.0
180.0
1381.0
1332.0
120.0
1412.0
Session 4
732.0
1100.0
1450.0
430.0
190.0
51.0
1661.0
1920.0
262.0
830.0
390.0
281.0
1880.0
1990.0
1401.0
480.0
1850.0
1970.0
612.0
1212.0
1430.0
1552.0
150.0
1650.0
991.0
110.0
1681.0
702.0
1481.0
272.0
850.0
690.0
1890.0
1030.0
250.0
231.0
40.0
1151.0
1830.0
1140.0
221.0
1262.0
1440.0
1900.0
1011.0
521.0
292.0
562.0
932.0
632.0
Session 0
10.0
700.0
320.0
191.0
2000.0
1111.0
171.0
1042.0
780.0
131.0
1782.0
1380.0
230.0
1330.0
1091.0
1351.0
821.0
300.0
880.0
1832.0
1800.0
710.0
431.0
1771.0
21.0
1942.0
1902.0
1422.0
1622.0
280.0
980.0
1472.0
1072.0
670.0
1692.0
351.0
1810.0
720.0
570.0
1710.0
592.0
181.0
1240.0
530.0
930.0
1442.0
151.0
200.0
470.0
941.0
Session 3
1862.0
870.0
460.0
1371.0
560.0
1680.0
840.0
402.0
1060.0
1272.0
392.0
482.0
1852.0
382.0
1342.0
1740.0
440.0
1181.0
610.0
1150.0
50.0
1161.0
1281.0
890.0
121.0
70.0
140.0
831.0
801.0
372.0
1660.0
922.0
1840.0
360.0
1462.0
602.0
1400.0
220.0
1550.0
742.0
1721.0
1310.0
1631.0
511.0
260.0
1480.0
1540.0
952.0
1081.0
961.0
Session 6
112.0
90.0
82.0
760.0
1980.0
630.0
212.0
1260.0
1870.0
1882.0
770.0
1130.0
60.0
912.0
1322.0
682.0
1510.0
240.0
410.0
1052.0
1290.0
1530.0
1700.0
750.0
730.0
1451.0
161.0
101.0
900.0
270.0
1930.0
1601.0
1590.0
990.0
1121.0
290.0
1170.0
1921.0
1751.0
1971.0
1892.0
550.0
1912.0
491.0
1200.0
970.0
1961.0
542.0
1102.0
1651.0
Session 5
1492.0
1432.0
1251.0
582.0
1141.0
1821.0
1300.0
1410.0
1572.0
30.0
1000.0
252.0
790.0
340.0
692.0
1361.0
1521.0
852.0
1991.0
660.0
1582.0
310.0
1641.0
41.0
1732.0
811.0
420.0
1611.0
520.0
1790.0
331.0
1031.0
1560.0
1230.0
1010.0
1760.0
642.0
1220.0
1020.0
650.0
1670.0
450.0
501.0
1210.0
622.0
1390.0
860.0
1190.0
1500.0
1952.0
