Session 7
1451.0
1501.0
460.0
260.0
1521.0
720.0
621.0
930.0
770.0
730.0
1000.0
650.0
61.0
1731.0
1391.0
1470.0
1561.0
1821.0
500.0
1201.0
951.0
1021.0
670.0
1281.0
611.0
100.0
570.0
320.0
710.0
1230.0
1871.0
210.0
1371.0
371.0
881.0
811.0
80.0
1260.0
170.0
1611.0
1751.0
350.0
1600.0
840.0
641.0
1460.0
1010.0
1761.0
50.0
630.0
Session 1
251.0
1841.0
281.0
1420.0
1641.0
220.0
450.0
661.0
591.0
681.0
1810.0
1581.0
540.0
490.0
441.0
1741.0
1690.0
961.0
1271.0
1090.0
600.0
141.0
1660.0
1121.0
20.0
1860.0
271.0
1301.0
760.0
1241.0
420.0
1991.0
331.0
1350.0
400.0
430.0
1510.0
551.0
121.0
41.0
781.0
1490.0
1190.0
521.0
941.0
1160.0
1041.0
1320.0
1251.0
800.0
Session 3
1941.0
341.0
1801.0
1081.0
480.0
1130.0
1210.0
1311.0
1330.0
1180.0
1100.0
1901.0
1701.0
1830.0
1441.0
10.0
971.0
1291.0
1340.0
1550.0
90.0
1770.0
741.0
850.0
310.0
1571.0
701.0
1541.0
911.0
300.0
131.0
1960.0
560.0
511.0
1670.0
390.0
861.0
181.0
70.0
1361.0
1720.0
1380.0
991.0
920.0
2000.0
200.0
1051.0
161.0
791.0
821.0
Session 4
411.0
1480.0
1061.0
1791.0
1680.0
240.0
750.0
1150.0
1651.0
191.0
471.0
360.0
871.0
150.0
691.0
531.0
1530.0
890.0
1430.0
580.0
291.0
1401.0
1171.0
1921.0
1980.0
830.0
1140.0
1111.0
900.0
1851.0
1880.0
231.0
1951.0
1630.0
380.0
1071.0
1781.0
1410.0
980.0
1971.0
1711.0
31.0
1031.0
110.0
1221.0
1590.0
1620.0
1891.0
1930.0
1910.0
Session 5
1721.0
1831.0
970.0
1471.0
270.0
221.0
211.0
120.0
241.0
1981.0
1601.0
1030.0
631.0
1050.0
660.0
740.0
1560.0
751.0
1730.0
960.0
1421.0
1411.0
440.0
1961.0
1881.0
990.0
561.0
1790.0
1750.0
1920.0
381.0
401.0
1231.0
571.0
180.0
1631.0
1200.0
171.0
370.0
1390.0
311.0
421.0
1840.0
1290.0
1431.0
1091.0
230.0
940.0
981.0
1900.0
Session 6
1911.0
391.0
1300.0
1060.0
810.0
541.0
21.0
1940.0
431.0
1270.0
1671.0
1570.0
1101.0
921.0
581.0
60.0
301.0
1001.0
1161.0
351.0
1870.0
410.0
1360.0
1310.0
361.0
640.0
1120.0
1710.0
790.0
851.0
1331.0
761.0
81.0
451.0
651.0
1580.0
1640.0
1261.0
491.0
1771.0
771.0
1591.0
190.0
780.0
1321.0
481.0
891.0
1170.0
1800.0
680.0
Session 0
130.0
721.0
1381.0
1141.0
1070.0
870.0
30.0
1740.0
1970.0
950.0
601.0
520.0
160.0
1220.0
860.0
820.0
1511.0
501.0
1681.0
340.0
1211.0
1240.0
1780.0
931.0
831.0
801.0
1450.0
530.0
1540.0
151.0
1351.0
1191.0
590.0
1110.0
1931.0
690.0
261.0
1181.0
1861.0
1080.0
40.0
620.0
140.0
1990.0
1280.0
290.0
550.0
1531.0
1811.0
1250.0
Session 2
1661.0
1341.0
1820.0
250.0
91.0
700.0
1461.0
841.0
1370.0
1950.0
101.0
330.0
111.0
1491.0
1400.0
1011.0
1151.0
910.0
470.0
1481.0
51.0
1700.0
71.0
201.0
1520.0
880.0
1040.0
510.0
1551.0
11.0
1131.0
1621.0
1691.0
1440.0
1760.0
1890.0
321.0
1610.0
280.0
671.0
731.0
2001.0
1650.0
711.0
901.0
1500.0
1020.0
461.0
610.0
1850.0
